26625	30314	0.00167022192266	6.022354981692041e-07
30314	26625	0.00167022192266	6.022354981692041e-07
30314	22532	0.00153255493262	6.022354981692041e-07
30314	26630	0.00117422674261	6.022354981692041e-07
30314	30728	0.0017494905724	6.022354981692041e-07
30314	26633	0.00115260671322	6.022354981692041e-07
30314	24589	0.00180562266573	6.022354981692041e-07
30314	62478	0.00118057876793	6.022354981692041e-07
30314	17642	0.00140590752484	6.022354981692041e-07
30314	18776	0.00124480695513	6.022354981692041e-07
30314	59412	0.00147103716298	6.022354981692041e-07
30314	47449	0.00162654789175	6.022354981692041e-07
30314	61778	0.00138840938246	6.022354981692041e-07
30314	61778	0.00164079858267	6.022354981692041e-07
30314	51226	0.00140363221499	6.022354981692041e-07
30314	51226	0.00136434040642	6.022354981692041e-07
30314	12975	0.00156344762602	6.022354981692041e-07
30314	9139	0.00132161259921	6.022354981692041e-07
30314	15390	0.00162504920257	6.022354981692041e-07
30314	27680	0.00185033272655	6.022354981692041e-07
30314	50883	0.00125755249605	6.022354981692041e-07
30314	38953	0.00137637368458	6.022354981692041e-07
30314	8235	0.00187319220332	6.022354981692041e-07
30314	63532	0.00180476408297	6.022354981692041e-07
30314	44158	0.00144034455731	6.022354981692041e-07
30314	51246	0.00116066641784	6.022354981692041e-07
30314	23599	0.00178864947531	6.022354981692041e-07
30314	7176	0.00139969852601	6.022354981692041e-07
30314	52275	0.00161356044427	6.022354981692041e-07
30314	26676	0.00123399432977	6.022354981692041e-07
30314	26676	0.00187525124204	6.022354981692041e-07
30314	21342	0.00130972557267	6.022354981692041e-07
30314	21558	0.0017724616092	6.022354981692041e-07
30314	4153	0.00154088560506	6.022354981692041e-07
30314	4154	0.00139098451638	6.022354981692041e-07
30314	1083	0.00162214294707	6.022354981692041e-07
30314	34876	0.00130319044855	6.022354981692041e-07
30314	16067	0.00115160301454	6.022354981692041e-07
30314	47170	0.00156066887948	6.022354981692041e-07
30314	55819	0.00172039622838	6.022354981692041e-07
30314	55819	0.00162173948765	6.022354981692041e-07
30314	52292	0.00168386902196	6.022354981692041e-07
30314	19526	0.00126181125892	6.022354981692041e-07
30314	17483	0.00122424093719	6.022354981692041e-07
30314	31236	0.00166277731295	6.022354981692041e-07
30314	26703	0.00136584786888	6.022354981692041e-07
30314	59472	0.00123418284139	6.022354981692041e-07
30314	32611	0.00115857074547	6.022354981692041e-07
30314	47246	0.00183388964316	6.022354981692041e-07
30314	55173	0.00129799847888	6.022354981692041e-07
30314	40170	0.00158916373484	6.022354981692041e-07
30314	14631	0.00138129785225	6.022354981692041e-07
30314	51300	0.00129467224521	6.022354981692041e-07
30314	24678	0.00123409512463	6.022354981692041e-07
30314	57390	0.00186859277511	6.022354981692041e-07
30314	57454	0.00142631682274	6.022354981692041e-07
30314	1140	0.00123412975087	6.022354981692041e-07
30314	49855	0.0018512133669	6.022354981692041e-07
30314	27772	0.00131948762218	6.022354981692041e-07
30314	62590	0.00129157088289	6.022354981692041e-07
30314	10374	0.00160856384712	6.022354981692041e-07
30314	40073	0.00120960364018	6.022354981692041e-07
30314	13451	0.00187613700534	6.022354981692041e-07
30314	42124	0.00133106452832	6.022354981692041e-07
30314	42124	0.00176776280356	6.022354981692041e-07
30314	25742	0.00168225844213	6.022354981692041e-07
30314	26307	0.00114314377197	6.022354981692041e-07
30314	8427	0.001664225531	6.022354981692041e-07
30314	152	0.00171365053945	6.022354981692041e-07
30314	49519	0.00113148581241	6.022354981692041e-07
30314	20642	0.00186411735436	6.022354981692041e-07
30314	58907	0.00183647457605	6.022354981692041e-07
30314	54436	0.0017177157848	6.022354981692041e-07
30314	7333	0.00182648002898	6.022354981692041e-07
30314	40108	0.00136357814169	6.022354981692041e-07
30314	41138	0.00162749285643	6.022354981692041e-07
30314	3251	0.00170809730401	6.022354981692041e-07
30314	6345	0.00113573988824	6.022354981692041e-07
30314	47290	0.00132905563453	6.022354981692041e-07
30314	16573	0.0015044460669	6.022354981692041e-07
30314	38081	0.00138536677121	6.022354981692041e-07
30314	20686	0.00166659112185	6.022354981692041e-07
30314	56528	0.00171153065352	6.022354981692041e-07
30314	19666	0.00153782155456	6.022354981692041e-07
30314	28990	0.00145649363864	6.022354981692041e-07
30314	14555	0.00157535758182	6.022354981692041e-07
30314	48357	0.00134349840391	6.022354981692041e-07
30314	11496	0.00155887875887	6.022354981692041e-07
30314	3307	0.00143254180802	6.022354981692041e-07
30314	42630	0.00184266898297	6.022354981692041e-07
30314	30420	0.00153979621199	6.022354981692041e-07
30314	6020	0.00165045427891	6.022354981692041e-07
30314	285	0.00157948485575	6.022354981692041e-07
30314	63737	0.00178026594245	6.022354981692041e-07
30314	4396	0.00170698197186	6.022354981692041e-07
30314	28976	0.00154734769231	6.022354981692041e-07
30314	32055	0.00179085829873	6.022354981692041e-07
30314	11024	0.00128813630279	6.022354981692041e-07
30314	24459	0.00171283147618	6.022354981692041e-07
30314	65445	0.001405485459	6.022354981692041e-07
30314	42332	0.00155677627544	6.022354981692041e-07
30314	28005	0.00161227988101	6.022354981692041e-07
30314	29585	0.0013485687181	6.022354981692041e-07
30314	4456	0.001210028145	6.022354981692041e-07
30314	48491	0.00145926969898	6.022354981692041e-07
30314	51565	0.00182496703593	6.022354981692041e-07
30314	59956	0.00115493540612	6.022354981692041e-07
30314	25832	0.00123204033875	6.022354981692041e-07
30314	20854	0.00125343641915	6.022354981692041e-07
30314	38263	0.00146600188575	6.022354981692041e-07
30314	40312	0.0011830840983	6.022354981692041e-07
30314	8570	0.00173813903419	6.022354981692041e-07
30314	24810	1.04318167427e-06	1.2044709963384082e-06
30314	24810	6.64486269206e-07	6.022354981692041e-07
30314	53632	0.00137377680236	6.022354981692041e-07
30314	42731	0.00178525371144	6.022354981692041e-07
30314	37262	0.00114046217465	6.022354981692041e-07
30314	10525	0.00158963382838	6.022354981692041e-07
30314	35222	0.00143022371161	6.022354981692041e-07
30314	35224	0.00121146208503	6.022354981692041e-07
30314	28228	0.0018549759115	6.022354981692041e-07
30314	58607	0.00159753954335	6.022354981692041e-07
30314	26693	0.00171203066853	6.022354981692041e-07
30314	26693	0.00155940487108	6.022354981692041e-07
30314	63904	0.00149320899328	6.022354981692041e-07
30314	22947	0.00169496875452	6.022354981692041e-07
30314	17829	0.00144266689849	6.022354981692041e-07
30314	17829	0.00149499729768	6.022354981692041e-07
30314	62887	0.00133743338481	6.022354981692041e-07
30314	35241	0.00143802002112	6.022354981692041e-07
30314	35242	0.00179461025507	6.022354981692041e-07
30314	43250	0.00122194169516	6.022354981692041e-07
30314	55727	0.00146911785017	6.022354981692041e-07
30314	22964	0.00185638863776	6.022354981692041e-07
30314	10677	0.00177482377629	6.022354981692041e-07
30314	10484	0.00180930562809	6.022354981692041e-07
30314	17851	0.00169445224261	6.022354981692041e-07
30314	53493	0.00158132120794	6.022354981692041e-07
30314	20929	0.00153860829501	6.022354981692041e-07
30314	34891	0.00122943292296	6.022354981692041e-07
30314	34891	0.00166595629504	6.022354981692041e-07
30314	63941	0.00130049265914	6.022354981692041e-07
30314	16840	0.00130956617967	6.022354981692041e-07
30314	10698	0.00188023828604	6.022354981692041e-07
30314	52471	0.00120863666503	6.022354981692041e-07
30314	37142	0.00127900978764	6.022354981692041e-07
30314	37142	0.00126814502464	6.022354981692041e-07
30314	1492	0.00153271366041	6.022354981692041e-07
30314	3150	0.0015543535809	6.022354981692041e-07
30314	58207	0.00129926714633	6.022354981692041e-07
30314	38359	0.00180892657109	6.022354981692041e-07
30314	11736	0.0014867702227	6.022354981692041e-07
30314	14098	0.00153271030789	6.022354981692041e-07
30314	9695	0.00182336951059	6.022354981692041e-07
30314	9695	0.00146011707113	6.022354981692041e-07
30314	30971	0.00177722863104	6.022354981692041e-07
30314	45541	0.00153389608615	6.022354981692041e-07
30314	61926	0.00159706929021	6.022354981692041e-07
30314	8273	0.00181171854961	6.022354981692041e-07
30314	50669	0.00159967882885	6.022354981692041e-07
30314	42478	0.0016269123907	6.022354981692041e-07
30314	42478	0.0014306129431	6.022354981692041e-07
30314	36336	0.00184355095269	6.022354981692041e-07
30314	497	0.00142788306659	6.022354981692041e-07
30314	3571	0.00165373472937	6.022354981692041e-07
30314	15861	0.00166904594769	6.022354981692041e-07
30314	30633	0.0016979506712	6.022354981692041e-07
30314	36344	0.00167088721703	6.022354981692041e-07
30314	39426	0.0013783983966	6.022354981692041e-07
30314	57860	0.00145944359819	6.022354981692041e-07
30314	57860	0.00167896287307	6.022354981692041e-07
30314	41477	0.00179633088898	6.022354981692041e-07
30314	48436	0.00115861546886	6.022354981692041e-07
30314	48651	0.00154094347619	6.022354981692041e-07
30314	56846	0.00181059529829	6.022354981692041e-07
30314	5647	0.00143368746534	6.022354981692041e-07
30314	22035	0.00118735057288	6.022354981692041e-07
30314	3604	0.00180229090229	6.022354981692041e-07
30314	43543	0.00176182773874	6.022354981692041e-07
30314	18971	0.00167274691773	6.022354981692041e-07
30314	61983	0.00145034250433	6.022354981692041e-07
30314	33312	0.00124601470194	6.022354981692041e-07
30314	53851	0.00150266976235	6.022354981692041e-07
30314	20004	0.00134148708149	6.022354981692041e-07
30314	3624	0.00140637075996	6.022354981692041e-07
30314	25131	0.00186840700339	6.022354981692041e-07
30314	25131	0.00138537399765	6.022354981692041e-07
30314	48684	0.00129906526434	6.022354981692041e-07
30314	29230	0.00176440891401	6.022354981692041e-07
30314	62045	0.00151447513398	6.022354981692041e-07
30314	63025	0.00118436143693	6.022354981692041e-07
30314	56882	0.0012080164823	6.022354981692041e-07
30314	27706	0.00137275784965	6.022354981692041e-07
30314	12852	0.00164621241063	6.022354981692041e-07
30314	22070	0.00119170121375	6.022354981692041e-07
30314	18185	0.00127154014481	6.022354981692041e-07
30314	21048	0.00161686280363	6.022354981692041e-07
30314	38458	0.00155231333337	6.022354981692041e-07
30314	34366	0.00177700757732	6.022354981692041e-07
30314	39489	0.00148791678416	6.022354981692041e-07
30314	39489	0.00124027940615	6.022354981692041e-07
30314	4674	0.00141384635613	6.022354981692041e-07
30314	580	0.0017017655089	6.022354981692041e-07
30314	15943	0.00146759345027	6.022354981692041e-07
30314	24503	0.00126104874948	6.022354981692041e-07
30314	41058	0.00165755038858	6.022354981692041e-07
30314	28239	0.00178143679012	6.022354981692041e-07
30314	14928	0.00156255246085	6.022354981692041e-07
30314	593	0.00139217375141	6.022354981692041e-07
30314	18006	0.0015214146152	6.022354981692041e-07
30314	11747	0.00171401662113	6.022354981692041e-07
30314	26724	0.00120783257131	6.022354981692041e-07
30314	64090	0.00160157194756	6.022354981692041e-07
30314	63759	0.00176783431168	6.022354981692041e-07
30314	25181	0.0014088371366	6.022354981692041e-07
30314	34400	0.00150423927488	6.022354981692041e-07
30314	56929	0.00171864577986	6.022354981692041e-07
30314	29115	0.00145227629633	6.022354981692041e-07
30314	22117	0.00180435898087	6.022354981692041e-07
30314	62597	0.00158039602722	6.022354981692041e-07
30314	62597	0.0017893485281	6.022354981692041e-07
30314	174088	8.12038434523e-08	3.0111774908460205e-07
30314	7051	0.00166511940652	6.022354981692041e-07
30314	7051	0.00164275743973	6.022354981692041e-07
30314	3854	0.00161017061926	6.022354981692041e-07
30314	3854	0.00172820709244	6.022354981692041e-07
30314	63638	0.00168086967243	6.022354981692041e-07
30314	63638	0.00122172944337	6.022354981692041e-07
30314	28448	0.00133966628297	6.022354981692041e-07
30314	28448	0.00134863295528	6.022354981692041e-07
30314	1839	0.00179880646352	6.022354981692041e-07
30314	1839	0.0014001847557	6.022354981692041e-07
30314	37650	0.00175519592556	6.022354981692041e-07
30314	37650	0.00167838342451	6.022354981692041e-07
30314	2875	9.91029117601e-07	0.00018127288494893044
30314	2875	7.97900476307e-07	2.047600693775294e-05
30314	55613	0.00136670184284	6.022354981692041e-07
30314	55613	0.00163579345186	6.022354981692041e-07
30314	12149	8.76825369646e-07	6.022354981692041e-07
30314	12149	6.26355909465e-07	6.022354981692041e-07
30314	170124	1.6738626192e-07	6.022354981692041e-07
30314	2378	0.00138588660391	6.022354981692041e-07
30314	2378	0.00186170774388	6.022354981692041e-07
30314	47963	0.00132464103511	6.022354981692041e-07
30314	47963	1.11161384548e-06	6.022354981692041e-07
30314	175332	6.85993811568e-08	3.0111774908460205e-07
30314	174188	1.50289894985e-07	3.0111774908460205e-07
30314	167485	1.91597937914e-07	3.0111774908460205e-07
30314	24339	0.0013853128536	6.022354981692041e-07
30314	24339	0.0016314666976	6.022354981692041e-07
30314	35831	0.00178544459784	6.022354981692041e-07
30314	35831	0.00171935389743	6.022354981692041e-07
30314	22392	0.00171210901099	6.022354981692041e-07
30314	22392	0.00124914366122	6.022354981692041e-07
30314	18299	0.00177266259981	6.022354981692041e-07
30314	18299	0.00126373265483	6.022354981692041e-07
30314	10002	0.00173596662733	6.022354981692041e-07
30314	34414	0.00177701906004	6.022354981692041e-07
30314	3695	0.00182094228298	6.022354981692041e-07
30314	2677	0.00149514234317	6.022354981692041e-07
30314	4590	0.00179887966834	6.022354981692041e-07
30314	21117	0.00177975111226	6.022354981692041e-07
30314	22144	0.00118370554993	6.022354981692041e-07
30314	21729	0.00114296916664	6.022354981692041e-07
30314	64132	0.00159575307948	6.022354981692041e-07
30314	12566	0.00188372114518	6.022354981692041e-07
30314	65158	0.00152524699409	6.022354981692041e-07
30314	64620	0.00143843365095	6.022354981692041e-07
30314	34445	0.00178324021119	6.022354981692041e-07
30314	8848	0.00141440177142	6.022354981692041e-07
30314	4035	0.00126054653412	6.022354981692041e-07
30314	47766	0.00174035543622	6.022354981692041e-07
30314	23192	0.00117597571515	6.022354981692041e-07
30314	56987	0.00166530351219	6.022354981692041e-07
30314	17053	0.00150250969497	6.022354981692041e-07
30314	19104	0.00186979297602	6.022354981692041e-07
30314	53925	0.00174964100897	6.022354981692041e-07
30314	19112	0.00172756150129	6.022354981692041e-07
30314	39596	0.00168468073152	6.022354981692041e-07
30314	51885	0.00135723704589	6.022354981692041e-07
30314	15645	0.00124739615775	6.022354981692041e-07
30314	19121	0.00160066968222	6.022354981692041e-07
30314	62130	0.00159820605687	6.022354981692041e-07
30314	16052	0.00171591368544	6.022354981692041e-07
30314	3017	0.00147718286829	6.022354981692041e-07
30314	698	0.00170569238671	6.022354981692041e-07
30314	24255	0.00114282151367	6.022354981692041e-07
30314	4803	0.00188034443934	6.022354981692041e-07
30314	49363	0.00114579018986	6.022354981692041e-07
30314	62154	0.00146497556419	6.022354981692041e-07
30314	59614	0.00140636602652	6.022354981692041e-07
30314	1745	0.00186842630143	6.022354981692041e-07
30314	9938	0.00168271605841	6.022354981692041e-07
30314	24276	0.00183470093978	6.022354981692041e-07
30314	31055	0.00113919331594	6.022354981692041e-07
30314	41252	0.00145491236602	6.022354981692041e-07
30314	37594	0.00186346119709	6.022354981692041e-07
30314	5852	0.00162863638437	6.022354981692041e-07
30314	55005	0.00141580702004	6.022354981692041e-07
30314	18150	0.00135787577047	6.022354981692041e-07
30314	21799	0.00155317053379	6.022354981692041e-07
30314	45805	0.0017668602557	6.022354981692041e-07
30314	24304	0.00187553171767	6.022354981692041e-07
30314	21233	0.00166786548808	6.022354981692041e-07
30314	47859	0.00114534643701	6.022354981692041e-07
30314	25726	0.00128432082141	6.022354981692041e-07
30314	680	0.00143593754129	6.022354981692041e-07
30314	57642	0.00176773978805	6.022354981692041e-07
30314	26758	0.00155929641182	6.022354981692041e-07
30314	44501	0.00125554027303	6.022354981692041e-07
30314	47193	0.00129960620583	6.022354981692041e-07
30314	1794	0.00126686610774	6.022354981692041e-07
30314	21804	0.00113675833021	6.022354981692041e-07
30314	19212	0.00136119313907	6.022354981692041e-07
30314	33069	0.00153687307864	6.022354981692041e-07
30314	19216	0.00168935977793	6.022354981692041e-07
30314	20247	0.00149381938765	6.022354981692041e-07
30314	35119	0.00113506105447	6.022354981692041e-07
30314	50979	0.00156184557802	6.022354981692041e-07
30314	14117	0.00154170031326	6.022354981692041e-07
30314	46890	0.00145183996763	6.022354981692041e-07
30314	62172	0.00178068142859	6.022354981692041e-07
30314	10052	0.00146699917586	6.022354981692041e-07
30314	41268	0.00159884880858	6.022354981692041e-07
30314	31556	0.00142175504861	6.022354981692041e-07
30314	44876	0.00162478196413	6.022354981692041e-07
30314	846	0.00168008396411	6.022354981692041e-07
30314	48976	0.00113996066761	6.022354981692041e-07
30314	55122	0.00164415240575	6.022354981692041e-07
30314	12115	0.00144042300387	6.022354981692041e-07
30314	47957	0.00165546275878	6.022354981692041e-07
30314	47958	0.00150941778449	6.022354981692041e-07
30314	45911	0.00182737035883	6.022354981692041e-07
30314	64346	0.00145960546853	6.022354981692041e-07
30314	26460	0.0012884518282	6.022354981692041e-07
30314	23390	0.00187029632512	6.022354981692041e-07
30314	45919	0.00125625084617	6.022354981692041e-07
30314	53088	0.00136575453413	6.022354981692041e-07
30314	35013	0.00167966968326	6.022354981692041e-07
30314	57735	0.00119173931814	6.022354981692041e-07
30314	21357	0.00116905442083	6.022354981692041e-07
30314	9074	0.00183283359836	6.022354981692041e-07
30314	35988	0.0012419587652	6.022354981692041e-07
30314	2367	0.00118627832399	6.022354981692041e-07
30314	4988	0.00158887354626	6.022354981692041e-07
30314	22398	0.00148373801626	6.022354981692041e-07
30314	59265	0.00129545689797	6.022354981692041e-07
30314	53578	0.00161616936814	6.022354981692041e-07
30314	20801	0.00131751090492	6.022354981692041e-07
30314	1929	0.00143284648156	6.022354981692041e-07
30314	40843	0.00144245136953	6.022354981692041e-07
30314	64664	0.00172799620765	6.022354981692041e-07
30314	20373	0.00186108050365	6.022354981692041e-07
30314	34711	0.00186749403712	6.022354981692041e-07
30314	36164	0.00130507124018	6.022354981692041e-07
30314	26524	0.00164686104619	6.022354981692041e-07
30314	6045	0.00154744075351	6.022354981692041e-07
30314	53396	0.00133495687489	6.022354981692041e-07
30314	49057	0.00177377120448	6.022354981692041e-07
30314	32411	0.00130274599133	6.022354981692041e-07
30314	34724	0.00169665629746	6.022354981692041e-07
30314	61349	0.00151423973336	6.022354981692041e-07
30314	19369	0.00161374416251	6.022354981692041e-07
30314	40874	0.00126420356347	6.022354981692041e-07
30314	33060	0.00175685228028	6.022354981692041e-07
30314	56306	0.00122451452248	6.022354981692041e-07
30314	49473	0.00124468441159	6.022354981692041e-07
30314	47325	0.00155302806384	6.022354981692041e-07
30314	25587	0.00129940451916	6.022354981692041e-07
30314	57502	0.00119707803801	6.022354981692041e-07
30314	47433	0.00163500240416	6.022354981692041e-07
30314	10169	0.00168544669283	6.022354981692041e-07
30314	64442	0.00159149524716	6.022354981692041e-07
30314	17568	0.00188242753512	6.022354981692041e-07
30314	18370	0.00149364897999	6.022354981692041e-07
30314	38851	0.00156665705751	6.022354981692041e-07
30314	27589	0.00117935389696	6.022354981692041e-07
30314	22473	0.00142151132841	6.022354981692041e-07
30314	24037	0.00161451719592	6.022354981692041e-07
30314	25548	0.00142761607238	6.022354981692041e-07
30314	45389	0.00116451102022	6.022354981692041e-07
30314	16336	0.00121690160495	6.022354981692041e-07
30314	19619	0.00141975785285	6.022354981692041e-07
30314	53204	0.00113988455424	6.022354981692041e-07
30314	47950	0.00125125450174	6.022354981692041e-07
30314	48247	0.00115217747986	6.022354981692041e-07
30314	50140	0.00162390490356	6.022354981692041e-07
30314	30373	0.00149095606297	6.022354981692041e-07
30314	22864	0.0012002905315	6.022354981692041e-07
30314	32738	0.00180964320116	6.022354981692041e-07
30314	25845	0.00165210980581	6.022354981692041e-07
30314	41956	0.00116253727542	6.022354981692041e-07
30314	40273	0.00148610254901	6.022354981692041e-07
30314	41292	0.00166477572442	6.022354981692041e-07
30314	32979	0.00119648434019	6.022354981692041e-07
22532	30314	0.00153255493262	6.022354981692041e-07
26630	30314	0.00117422674261	6.022354981692041e-07
30728	30314	0.0017494905724	6.022354981692041e-07
26633	30314	0.00115260671322	6.022354981692041e-07
24589	30314	0.00180562266573	6.022354981692041e-07
62478	30314	0.00118057876793	6.022354981692041e-07
17642	30314	0.00140590752484	6.022354981692041e-07
18776	30314	0.00124480695513	6.022354981692041e-07
59412	30314	0.00147103716298	6.022354981692041e-07
47449	30314	0.00162654789175	6.022354981692041e-07
61778	14631	8.15535642149e-07	1.2044709963384082e-06
61778	14631	6.0330607793e-07	6.022354981692041e-07
61778	20642	1.11341751522e-06	5.721237232607439e-05
61778	20642	9.81754645309e-07	6.022354981692041e-07
61778	25131	6.75902628518e-07	1.2044709963384082e-06
61778	25131	6.95956746658e-07	6.022354981692041e-07
61778	62597	8.34382672121e-07	6.022354981692041e-07
61778	62597	1.06249080536e-06	6.022354981692041e-07
61778	30314	0.00138840938246	6.022354981692041e-07
61778	30314	0.00164079858267	6.022354981692041e-07
61778	7051	7.80594463828e-07	1.2044709963384082e-06
61778	7051	7.13464348117e-07	1.2044709963384082e-06
61778	42124	1.0386540221e-06	1.2044709963384082e-06
61778	42124	7.03021801325e-07	1.2044709963384082e-06
61778	3854	6.53962046797e-07	1.2044709963384082e-06
61778	41840	8.70664989361e-07	2.2884948930429754e-05
61778	24339	1.00754148329e-06	6.805261129312006e-05
61778	24339	7.18063103723e-07	1.2044709963384082e-06
61778	12427	1.10851720772e-06	5.8416843322412795e-05
61778	12427	7.94549574768e-07	6.022354981692041e-07
61778	23030	9.45424595737e-07	1.2044709963384082e-06
61778	23030	7.81225211492e-07	1.8067064945076123e-06
61778	47290	6.62295185915e-07	7.648390826748892e-05
61778	2875	1.12303254473e-06	2.047600693775294e-05
61778	2875	7.22567319005e-07	6.022354981692041e-07
61778	28749	9.74502650734e-07	1.2044709963384082e-06
61778	35242	7.30781580973e-07	6.022354981692041e-07
61778	57860	1.08417120996e-06	0.00017826170745808442
61778	55613	9.97480497673e-07	6.504143380227404e-05
14631	61778	8.15535642149e-07	1.2044709963384082e-06
14631	61778	6.0330607793e-07	6.022354981692041e-07
14631	28749	1.03165824624e-06	9.033532472538062e-06
14631	28749	9.93759514652e-07	1.2044709963384082e-06
14631	24339	8.12867311829e-07	6.022354981692041e-07
14631	24339	9.93743422101e-07	1.2044709963384082e-06
14631	57860	1.06546605283e-06	1.2044709963384082e-06
14631	37650	7.20110639296e-07	1.2044709963384082e-06
14631	2875	8.21859835557e-07	2.4089419926768164e-06
14631	2875	5.94989559608e-07	6.022354981692041e-07
14631	30314	0.00138129785225	6.022354981692041e-07
14631	25131	8.41057195222e-07	1.8067064945076123e-06
14631	25131	7.40503026431e-07	1.2044709963384082e-06
14631	25181	8.20813673591e-07	1.2044709963384082e-06
14631	55613	8.30633764123e-07	1.2044709963384082e-06
14631	55613	1.11265573276e-06	5.8416843322412795e-05
20642	61778	1.11341751522e-06	5.721237232607439e-05
20642	61778	9.81754645309e-07	6.022354981692041e-07
20642	25131	1.13426012336e-06	1.2044709963384082e-06
20642	25131	1.08100978461e-06	6.022354981692041e-07
20642	2875	1.12847988924e-06	1.2044709963384082e-06
20642	2875	8.20752402126e-07	1.2044709963384082e-06
20642	30314	0.00186411735436	6.022354981692041e-07
20642	55613	6.53233498793e-07	0.00011743592214299479
20642	55613	7.91728892127e-07	6.022354981692041e-07
20642	24810	9.3935724532e-07	0.00011502698015031798
25131	61778	6.75902628518e-07	1.2044709963384082e-06
25131	61778	6.95956746658e-07	6.022354981692041e-07
25131	14631	8.41057195222e-07	1.8067064945076123e-06
25131	14631	7.40503026431e-07	1.2044709963384082e-06
25131	174188	1.3254054136e-07	6.022354981692041e-07
25131	171491	2.49140213983e-08	6.022354981692041e-07
25131	131226	4.648555555e-08	3.0111774908460205e-07
25131	20642	1.13426012336e-06	1.2044709963384082e-06
25131	20642	1.08100978461e-06	6.022354981692041e-07
25131	175332	1.69042635463e-07	3.0111774908460205e-07
25131	157935	1.42116565571e-07	3.0111774908460205e-07
25131	183846	5.35509025495e-08	3.0111774908460205e-07
25131	62597	1.00724525849e-06	6.805261129312006e-05
25131	2875	1.126402045e-06	6.022354981692041e-07
25131	2875	8.10164780688e-07	1.2044709963384082e-06
25131	30314	0.00186840700339	6.022354981692041e-07
25131	30314	0.00138537399765	6.022354981692041e-07
25131	3854	7.5163133599e-07	1.2044709963384082e-06
25131	3854	1.13902804771e-06	6.022354981692041e-07
25131	24339	6.34794208813e-07	6.022354981692041e-07
25131	24339	7.29142479049e-07	0.00012104933513201002
25131	2378	7.87911130852e-07	6.203025631142802e-05
25131	2378	6.74483645098e-07	6.022354981692041e-07
25131	25181	8.14027071712e-07	6.022354981692041e-07
25131	25181	9.07885791719e-07	6.022354981692041e-07
25131	9695	1.12871779214e-06	1.2044709963384082e-06
25131	167485	1.23273942374e-07	3.0111774908460205e-07
25131	174088	1.70934100054e-07	3.0111774908460205e-07
62597	61778	8.34382672121e-07	6.022354981692041e-07
62597	61778	1.06249080536e-06	6.022354981692041e-07
62597	28749	5.85011760079e-07	1.2044709963384082e-06
62597	28749	1.0692475584e-06	0.00015296781653497784
62597	17851	5.96966614102e-07	1.8067064945076123e-06
62597	17851	8.31186753078e-07	1.2044709963384082e-06
62597	25131	1.00724525849e-06	6.805261129312006e-05
62597	25181	8.35459236613e-07	1.2044709963384082e-06
62597	30314	0.00158039602722	6.022354981692041e-07
62597	30314	0.0017893485281	6.022354981692041e-07
62597	24339	1.05501824479e-06	1.2044709963384082e-06
62597	24339	9.28533129708e-07	6.022354981692041e-07
62597	12427	1.12189123171e-06	1.2044709963384082e-06
62597	12427	7.85535163264e-07	1.2044709963384082e-06
62597	3854	8.46266402317e-07	6.022354981692041e-07
62597	55613	1.1628695606e-06	2.4089419926768164e-06
62597	55613	1.13017279838e-06	6.022354981692041e-07
62597	2875	8.05309123953e-07	6.022354981692041e-07
7051	61778	7.80594463828e-07	1.2044709963384082e-06
7051	61778	7.13464348117e-07	1.2044709963384082e-06
7051	28749	1.08730909647e-06	1.2044709963384082e-06
7051	42124	1.01324964617e-06	6.022354981692041e-07
7051	42124	7.0919268313e-07	0.0001493544035459626
7051	47290	9.92981054676e-07	5.9621314318751206e-05
7051	47290	5.92250666504e-07	6.022354981692041e-07
7051	35242	6.80307289659e-07	0.0002517344382347273
7051	35242	1.07035296863e-06	6.022354981692041e-07
7051	9695	1.16292741087e-06	2.4089419926768164e-06
7051	9695	6.86565026638e-07	6.022354981692041e-07
7051	23030	1.05346775986e-06	6.022354981692041e-07
7051	23030	1.07959170079e-06	6.022354981692041e-07
7051	57860	6.34228404892e-07	6.022354981692041e-07
7051	57860	6.11484961355e-07	1.2044709963384082e-06
7051	30314	0.00166511940652	6.022354981692041e-07
7051	30314	0.00164275743973	6.022354981692041e-07
7051	41840	9.84012457925e-07	6.022354981692041e-07
7051	2875	1.14315605203e-06	1.2044709963384082e-06
7051	2875	1.08756797698e-06	1.2044709963384082e-06
7051	2378	5.86186653599e-07	6.022354981692041e-07
7051	2378	9.99380741366e-07	6.022354981692041e-07
7051	25181	1.11302788493e-06	5.8416843322412795e-05
42124	61778	1.0386540221e-06	1.2044709963384082e-06
42124	61778	7.03021801325e-07	1.2044709963384082e-06
42124	24339	7.61589956723e-07	6.022354981692041e-07
42124	24339	7.4203715246e-07	6.022354981692041e-07
42124	30314	0.00133106452832	6.022354981692041e-07
42124	30314	0.00176776280356	6.022354981692041e-07
42124	7051	1.01324964617e-06	6.022354981692041e-07
42124	7051	7.0919268313e-07	0.0001493544035459626
42124	37650	9.75533544604e-07	6.022354981692041e-07
42124	37650	8.92680902943e-07	6.022354981692041e-07
42124	35242	1.0678045453e-06	6.022354981692041e-07
3854	61778	6.53962046797e-07	1.2044709963384082e-06
3854	25131	7.5163133599e-07	1.2044709963384082e-06
3854	25131	1.13902804771e-06	6.022354981692041e-07
3854	30314	0.00161017061926	6.022354981692041e-07
3854	30314	0.00172820709244	6.022354981692041e-07
3854	24339	7.40435017163e-07	1.2044709963384082e-06
3854	57860	1.09750370182e-06	6.022354981692041e-07
3854	2875	7.18413244933e-07	1.2044709963384082e-06
3854	2875	1.05464181491e-06	9.455097321256504e-05
3854	25181	8.40194757495e-07	1.2044709963384082e-06
3854	62597	8.46266402317e-07	6.022354981692041e-07
3854	63638	1.00131868729e-06	1.2044709963384082e-06
41840	61778	8.70664989361e-07	2.2884948930429754e-05
41840	35242	7.38751808806e-07	0.00015537675852765465
41840	35242	7.64183058751e-07	6.022354981692041e-07
41840	24339	6.07462567807e-07	6.022354981692041e-07
41840	24339	8.6428027824e-07	6.022354981692041e-07
41840	7051	9.84012457925e-07	6.022354981692041e-07
41840	2875	6.69176860698e-07	1.2044709963384082e-06
24339	61778	1.00754148329e-06	6.805261129312006e-05
24339	61778	7.18063103723e-07	1.2044709963384082e-06
24339	28749	9.12045104169e-07	6.022354981692041e-07
24339	28749	7.58234855792e-07	0.00021560030834457506
24339	14631	8.12867311829e-07	6.022354981692041e-07
24339	14631	9.93743422101e-07	1.2044709963384082e-06
24339	42124	7.61589956723e-07	6.022354981692041e-07
24339	42124	7.4203715246e-07	6.022354981692041e-07
24339	35242	8.54347282754e-07	6.022354981692041e-07
24339	35242	7.85449101231e-07	1.2044709963384082e-06
24339	9695	7.32840333605e-07	2.4089419926768164e-06
24339	9695	1.13484125132e-06	6.022354981692041e-07
24339	23030	9.73076705352e-07	0.0001463432260551166
24339	23030	1.11260875195e-06	2.4089419926768164e-06
24339	57860	1.04974179032e-06	9.635767970707265e-05
24339	57860	1.07138157396e-06	1.2044709963384082e-06
24339	25131	6.34794208813e-07	6.022354981692041e-07
24339	25131	7.29142479049e-07	0.00012104933513201002
24339	25181	1.0491310618e-06	9.695991520524186e-05
24339	25181	1.08660990154e-06	1.2044709963384082e-06
24339	30314	0.0013853128536	6.022354981692041e-07
24339	30314	0.0016314666976	6.022354981692041e-07
24339	3854	7.40435017163e-07	1.2044709963384082e-06
24339	37650	1.01509410395e-06	0.00022945172480246675
24339	37650	1.00210662311e-06	6.022354981692041e-07
24339	12427	1.15570889435e-06	6.022354981692041e-07
24339	12427	8.89527426253e-07	1.8067064945076123e-06
24339	62597	1.05501824479e-06	1.2044709963384082e-06
24339	62597	9.28533129708e-07	6.022354981692041e-07
24339	170124	1.53681593134e-07	3.0111774908460205e-07
24339	24339	1.00582353685e-06	0.00021680477934091347
24339	41840	6.07462567807e-07	6.022354981692041e-07
24339	41840	8.6428027824e-07	6.022354981692041e-07
24339	171491	1.65369761421e-07	3.0111774908460205e-07
24339	183846	2.50877586107e-08	6.022354981692041e-07
24339	174188	1.02999598624e-07	3.0111774908460205e-07
24339	157935	1.09576585188e-07	6.022354981692041e-07
24339	2875	7.27703629772e-07	6.022354981692041e-07
24339	2875	9.27416020696e-07	6.022354981692041e-07
24339	55613	7.80512036148e-07	1.2044709963384082e-06
24339	55613	9.92124638805e-07	6.022354981692041e-07
12427	61778	1.10851720772e-06	5.8416843322412795e-05
12427	61778	7.94549574768e-07	6.022354981692041e-07
12427	28749	9.65332908671e-07	6.022354981692041e-07
12427	28749	6.59443539794e-07	1.2044709963384082e-06
12427	57860	9.51265560027e-07	6.022354981692041e-07
12427	57860	8.77546093038e-07	6.022354981692041e-07
12427	24339	1.15570889435e-06	6.022354981692041e-07
12427	24339	8.89527426253e-07	1.8067064945076123e-06
12427	62597	1.12189123171e-06	1.2044709963384082e-06
12427	62597	7.85535163264e-07	1.2044709963384082e-06
12427	2875	1.14780192624e-06	3.0111774908460203e-06
12427	55613	8.2358592488e-07	6.022354981692041e-07
23030	61778	9.45424595737e-07	1.2044709963384082e-06
23030	61778	7.81225211492e-07	1.8067064945076123e-06
23030	47290	8.30737540015e-07	1.8067064945076123e-06
23030	47290	9.77884839285e-07	0.00012285604162651763
23030	35242	9.67838890511e-07	6.022354981692041e-07
23030	35242	7.96847054367e-07	6.022354981692041e-07
23030	24339	9.73076705352e-07	0.0001463432260551166
23030	24339	1.11260875195e-06	2.4089419926768164e-06
23030	7051	1.05346775986e-06	6.022354981692041e-07
23030	7051	1.07959170079e-06	6.022354981692041e-07
23030	37650	7.08941339365e-07	1.2044709963384082e-06
23030	37650	1.10541632676e-06	1.2044709963384082e-06
47290	61778	6.62295185915e-07	7.648390826748892e-05
47290	37650	9.29203958854e-07	0.00017163711697822315
47290	37650	8.49226743122e-07	6.022354981692041e-07
47290	7051	9.92981054676e-07	5.9621314318751206e-05
47290	7051	5.92250666504e-07	6.022354981692041e-07
47290	30314	0.00132905563453	6.022354981692041e-07
47290	23030	8.30737540015e-07	1.8067064945076123e-06
47290	23030	9.77884839285e-07	0.00012285604162651763
2875	61778	1.12303254473e-06	2.047600693775294e-05
2875	61778	7.22567319005e-07	6.022354981692041e-07
2875	28749	7.13275161362e-07	1.2044709963384082e-06
2875	28749	8.00479442642e-07	6.022354981692041e-07
2875	14631	8.21859835557e-07	2.4089419926768164e-06
2875	14631	5.94989559608e-07	6.022354981692041e-07
2875	13451	9.45715840862e-07	1.2044709963384082e-06
2875	13451	8.90848602638e-07	6.383696280593564e-05
2875	20642	1.12847988924e-06	1.2044709963384082e-06
2875	20642	8.20752402126e-07	1.2044709963384082e-06
2875	24810	1.07145948123e-06	1.2044709963384082e-06
2875	24810	1.11719947452e-06	6.022354981692041e-07
2875	9695	7.51227773895e-07	1.2044709963384082e-06
2875	25131	1.126402045e-06	6.022354981692041e-07
2875	25131	8.10164780688e-07	1.2044709963384082e-06
2875	25181	8.4389746977e-07	6.022354981692041e-07
2875	25181	1.01745909973e-06	3.0714010406629407e-05
2875	30314	9.91029117601e-07	0.00018127288494893044
2875	30314	7.97900476307e-07	2.047600693775294e-05
2875	3854	7.18413244933e-07	1.2044709963384082e-06
2875	3854	1.05464181491e-06	9.455097321256504e-05
2875	24339	7.27703629772e-07	6.022354981692041e-07
2875	24339	9.27416020696e-07	6.022354981692041e-07
2875	62597	8.05309123953e-07	6.022354981692041e-07
2875	7051	1.14315605203e-06	1.2044709963384082e-06
2875	7051	1.08756797698e-06	1.2044709963384082e-06
2875	176775	1.32493688857e-07	6.022354981692041e-07
2875	170124	7.23231560243e-08	3.0111774908460205e-07
2875	167485	9.97069301578e-08	3.0111774908460205e-07
2875	12427	1.14780192624e-06	3.0111774908460203e-06
2875	63638	7.26403945667e-07	6.022354981692041e-07
2875	63638	6.05807585606e-07	6.022354981692041e-07
2875	171491	1.88859900436e-07	6.022354981692041e-07
2875	175332	2.65062406678e-08	3.0111774908460205e-07
2875	1839	1.03895556914e-06	1.2044709963384082e-06
2875	41840	6.69176860698e-07	1.2044709963384082e-06
2875	12149	1.07321322941e-06	6.022354981692041e-07
2875	12149	6.65866136382e-07	0.00023487184428598959
2875	2875	6.73779395463e-07	6.022354981692041e-07
2875	55613	9.64592660234e-07	6.022354981692041e-07
2875	55613	9.43200368253e-07	6.022354981692041e-07
2875	47963	9.96869415843e-07	1.8067064945076123e-06
2875	17568	9.86559133944e-07	6.022354981692041e-07
51226	30314	0.00140363221499	6.022354981692041e-07
51226	30314	0.00136434040642	6.022354981692041e-07
12975	30314	0.00156344762602	6.022354981692041e-07
9139	30314	0.00132161259921	6.022354981692041e-07
15390	30314	0.00162504920257	6.022354981692041e-07
27680	30314	0.00185033272655	6.022354981692041e-07
50883	30314	0.00125755249605	6.022354981692041e-07
38953	30314	0.00137637368458	6.022354981692041e-07
8235	30314	0.00187319220332	6.022354981692041e-07
63532	30314	0.00180476408297	6.022354981692041e-07
44158	30314	0.00144034455731	6.022354981692041e-07
51246	30314	0.00116066641784	6.022354981692041e-07
23599	30314	0.00178864947531	6.022354981692041e-07
7176	30314	0.00139969852601	6.022354981692041e-07
52275	30314	0.00161356044427	6.022354981692041e-07
26676	30314	0.00123399432977	6.022354981692041e-07
26676	30314	0.00187525124204	6.022354981692041e-07
26676	17851	6.96854811246e-07	2.2884948930429754e-05
26676	17851	9.37073010441e-07	6.022354981692041e-07
26676	37142	6.69395959851e-07	1.2044709963384082e-06
26676	63638	1.03290393728e-06	1.8067064945076123e-06
26676	63638	1.10522566034e-06	1.2044709963384082e-06
26676	13451	6.88323242143e-07	1.2044709963384082e-06
17851	26676	6.96854811246e-07	2.2884948930429754e-05
17851	26676	9.37073010441e-07	6.022354981692041e-07
17851	13451	1.05236257595e-06	6.022354981692041e-07
17851	13451	6.02275978657e-07	6.022354981692041e-07
17851	24810	7.33014933398e-07	1.8067064945076123e-06
17851	24810	7.43717087185e-07	0.00017043264598188475
17851	62597	5.96966614102e-07	1.8067064945076123e-06
17851	62597	8.31186753078e-07	1.2044709963384082e-06
17851	30314	0.00169445224261	6.022354981692041e-07
17851	47963	1.12188674622e-06	1.2044709963384082e-06
37142	26676	6.69395959851e-07	1.2044709963384082e-06
37142	28749	1.04961735179e-06	9.695991520524186e-05
37142	28749	9.9743559569e-07	6.504143380227404e-05
37142	55613	6.11781836606e-07	1.2044709963384082e-06
37142	55613	9.21863273323e-07	1.2044709963384082e-06
37142	30314	0.00127900978764	6.022354981692041e-07
37142	30314	0.00126814502464	6.022354981692041e-07
37142	13451	7.23487221552e-07	6.022354981692041e-07
37142	9695	1.10860352539e-06	5.8416843322412795e-05
37142	9695	5.93821575161e-07	7.40749662748121e-05
63638	26676	1.03290393728e-06	1.8067064945076123e-06
63638	26676	1.10522566034e-06	1.2044709963384082e-06
63638	9695	8.0643274144e-07	1.2044709963384082e-06
63638	30314	0.00168086967243	6.022354981692041e-07
63638	30314	0.00122172944337	6.022354981692041e-07
63638	2875	7.26403945667e-07	6.022354981692041e-07
63638	2875	6.05807585606e-07	6.022354981692041e-07
63638	12149	8.98071826127e-07	6.022354981692041e-07
63638	12149	7.65484200479e-07	1.2044709963384082e-06
63638	17568	1.00088798971e-06	0.00022704278280978994
63638	3854	1.00131868729e-06	1.2044709963384082e-06
63638	1839	1.04892536471e-06	1.2044709963384082e-06
21342	30314	0.00130972557267	6.022354981692041e-07
21558	30314	0.0017724616092	6.022354981692041e-07
4153	30314	0.00154088560506	6.022354981692041e-07
4154	30314	0.00139098451638	6.022354981692041e-07
1083	30314	0.00162214294707	6.022354981692041e-07
34876	30314	0.00130319044855	6.022354981692041e-07
16067	30314	0.00115160301454	6.022354981692041e-07
47170	30314	0.00156066887948	6.022354981692041e-07
55819	30314	0.00172039622838	6.022354981692041e-07
55819	30314	0.00162173948765	6.022354981692041e-07
52292	30314	0.00168386902196	6.022354981692041e-07
19526	30314	0.00126181125892	6.022354981692041e-07
17483	30314	0.00122424093719	6.022354981692041e-07
28749	61778	9.74502650734e-07	1.2044709963384082e-06
28749	7051	1.08730909647e-06	1.2044709963384082e-06
28749	62597	5.85011760079e-07	1.2044709963384082e-06
28749	62597	1.0692475584e-06	0.00015296781653497784
28749	37142	1.04961735179e-06	9.695991520524186e-05
28749	37142	9.9743559569e-07	6.504143380227404e-05
28749	14631	1.03165824624e-06	9.033532472538062e-06
28749	14631	9.93759514652e-07	1.2044709963384082e-06
28749	24339	9.12045104169e-07	6.022354981692041e-07
28749	24339	7.58234855792e-07	0.00021560030834457506
28749	2875	7.13275161362e-07	1.2044709963384082e-06
28749	2875	8.00479442642e-07	6.022354981692041e-07
28749	12427	9.65332908671e-07	6.022354981692041e-07
28749	12427	6.59443539794e-07	1.2044709963384082e-06
28749	55613	8.47572893912e-07	1.2044709963384082e-06
31236	30314	0.00166277731295	6.022354981692041e-07
26703	30314	0.00136584786888	6.022354981692041e-07
59472	30314	0.00123418284139	6.022354981692041e-07
32611	30314	0.00115857074547	6.022354981692041e-07
47246	30314	0.00183388964316	6.022354981692041e-07
55173	30314	0.00129799847888	6.022354981692041e-07
40170	30314	0.00158916373484	6.022354981692041e-07
57860	14631	1.06546605283e-06	1.2044709963384082e-06
57860	61778	1.08417120996e-06	0.00017826170745808442
57860	24339	1.04974179032e-06	9.635767970707265e-05
57860	24339	1.07138157396e-06	1.2044709963384082e-06
57860	12427	9.51265560027e-07	6.022354981692041e-07
57860	12427	8.77546093038e-07	6.022354981692041e-07
57860	30314	0.00145944359819	6.022354981692041e-07
57860	30314	0.00167896287307	6.022354981692041e-07
57860	7051	6.34228404892e-07	6.022354981692041e-07
57860	7051	6.11484961355e-07	1.2044709963384082e-06
57860	25181	6.90962973344e-07	6.022354981692041e-07
57860	25181	1.06397862685e-06	0.0001306851031027173
57860	3854	1.09750370182e-06	6.022354981692041e-07
57860	55613	8.47971141955e-07	1.2044709963384082e-06
37650	14631	7.20110639296e-07	1.2044709963384082e-06
37650	42124	9.75533544604e-07	6.022354981692041e-07
37650	42124	8.92680902943e-07	6.022354981692041e-07
37650	47290	9.29203958854e-07	0.00017163711697822315
37650	47290	8.49226743122e-07	6.022354981692041e-07
37650	35242	8.54943798443e-07	6.022354981692041e-07
37650	35242	1.08598101129e-06	1.2044709963384082e-06
37650	23030	7.08941339365e-07	1.2044709963384082e-06
37650	23030	1.10541632676e-06	1.2044709963384082e-06
37650	30314	0.00175519592556	6.022354981692041e-07
37650	30314	0.00167838342451	6.022354981692041e-07
37650	24339	1.01509410395e-06	0.00022945172480246675
37650	24339	1.00210662311e-06	6.022354981692041e-07
37650	55613	8.18397047616e-07	6.022354981692041e-07
37650	55613	6.2022447416e-07	6.022354981692041e-07
25181	14631	8.20813673591e-07	1.2044709963384082e-06
25181	57860	6.90962973344e-07	6.022354981692041e-07
25181	57860	1.06397862685e-06	0.0001306851031027173
25181	25131	8.14027071712e-07	6.022354981692041e-07
25181	25131	9.07885791719e-07	6.022354981692041e-07
25181	24339	1.0491310618e-06	9.695991520524186e-05
25181	24339	1.08660990154e-06	1.2044709963384082e-06
25181	30314	0.0014088371366	6.022354981692041e-07
25181	2875	8.4389746977e-07	6.022354981692041e-07
25181	2875	1.01745909973e-06	3.0714010406629407e-05
25181	62597	8.35459236613e-07	1.2044709963384082e-06
25181	3854	8.40194757495e-07	1.2044709963384082e-06
25181	7051	1.11302788493e-06	5.8416843322412795e-05
55613	14631	8.30633764123e-07	1.2044709963384082e-06
55613	14631	1.11265573276e-06	5.8416843322412795e-05
55613	20642	6.53233498793e-07	0.00011743592214299479
55613	20642	7.91728892127e-07	6.022354981692041e-07
55613	37142	6.11781836606e-07	1.2044709963384082e-06
55613	37142	9.21863273323e-07	1.2044709963384082e-06
55613	30314	0.00136670184284	6.022354981692041e-07
55613	30314	0.00163579345186	6.022354981692041e-07
55613	37650	8.18397047616e-07	6.022354981692041e-07
55613	37650	6.2022447416e-07	6.022354981692041e-07
55613	24339	7.80512036148e-07	1.2044709963384082e-06
55613	24339	9.92124638805e-07	6.022354981692041e-07
55613	62597	1.1628695606e-06	2.4089419926768164e-06
55613	62597	1.13017279838e-06	6.022354981692041e-07
55613	2875	9.64592660234e-07	6.022354981692041e-07
55613	2875	9.43200368253e-07	6.022354981692041e-07
55613	57860	8.47971141955e-07	1.2044709963384082e-06
55613	174088	1.74507499439e-07	3.0111774908460205e-07
55613	12427	8.2358592488e-07	6.022354981692041e-07
55613	170124	2.04748500339e-08	3.0111774908460205e-07
55613	28749	8.47572893912e-07	1.2044709963384082e-06
55613	61778	9.97480497673e-07	6.504143380227404e-05
55613	17568	7.8879841943e-07	1.2044709963384082e-06
55613	17568	6.04839771734e-07	6.022354981692041e-07
55613	171491	1.10093992591e-07	3.0111774908460205e-07
55613	175332	6.13387827716e-08	6.022354981692041e-07
55613	157935	8.36094848932e-08	3.0111774908460205e-07
55613	24810	1.03391322927e-06	6.022354981692041e-07
51300	30314	0.00129467224521	6.022354981692041e-07
24678	30314	0.00123409512463	6.022354981692041e-07
57390	30314	0.00186859277511	6.022354981692041e-07
174188	64664	2.99833494188e-08	3.0111774908460205e-07
174188	25131	1.3254054136e-07	6.022354981692041e-07
174188	3150	1.09193750253e-07	6.022354981692041e-07
174188	30314	1.50289894985e-07	3.0111774908460205e-07
174188	24339	1.02999598624e-07	3.0111774908460205e-07
174188	12149	4.13854277859e-08	3.0111774908460205e-07
64664	174188	2.99833494188e-08	3.0111774908460205e-07
64664	171491	1.3480826516e-07	3.0111774908460205e-07
64664	131226	1.79918826591e-07	3.0111774908460205e-07
64664	175332	1.48951392856e-07	3.0111774908460205e-07
64664	157935	9.07283285655e-08	3.0111774908460205e-07
64664	183846	2.35375177059e-08	6.022354981692041e-07
64664	167485	1.96404012218e-08	3.0111774908460205e-07
64664	174088	1.59740066883e-07	6.022354981692041e-07
64664	170124	1.89067795418e-07	6.022354981692041e-07
64664	30314	0.00172799620765	6.022354981692041e-07
3150	174188	1.09193750253e-07	6.022354981692041e-07
3150	131226	2.37420981258e-08	6.022354981692041e-07
3150	30314	0.0015543535809	6.022354981692041e-07
3150	167485	5.08058393274e-08	3.0111774908460205e-07
3150	176775	3.963565766e-08	3.0111774908460205e-07
3150	174088	1.0410892715e-07	3.0111774908460205e-07
57454	30314	0.00142631682274	6.022354981692041e-07
171491	64664	1.3480826516e-07	3.0111774908460205e-07
171491	19104	6.10534240464e-08	6.022354981692041e-07
171491	25131	2.49140213983e-08	6.022354981692041e-07
171491	24339	1.65369761421e-07	3.0111774908460205e-07
171491	2875	1.88859900436e-07	6.022354981692041e-07
171491	55613	1.10093992591e-07	3.0111774908460205e-07
19104	171491	6.10534240464e-08	6.022354981692041e-07
19104	131226	1.6973991274e-07	3.0111774908460205e-07
19104	30314	0.00186979297602	6.022354981692041e-07
1140	30314	0.00123412975087	6.022354981692041e-07
49855	30314	0.0018512133669	6.022354981692041e-07
27772	30314	0.00131948762218	6.022354981692041e-07
62590	30314	0.00129157088289	6.022354981692041e-07
10374	30314	0.00160856384712	6.022354981692041e-07
40073	30314	0.00120960364018	6.022354981692041e-07
13451	17851	1.05236257595e-06	6.022354981692041e-07
13451	17851	6.02275978657e-07	6.022354981692041e-07
13451	26676	6.88323242143e-07	1.2044709963384082e-06
13451	2875	9.45715840862e-07	1.2044709963384082e-06
13451	2875	8.90848602638e-07	6.383696280593564e-05
13451	30314	0.00187613700534	6.022354981692041e-07
13451	47963	1.00964802944e-06	6.022354981692041e-07
13451	47963	8.02524364564e-07	2.9509539410291e-05
13451	24810	6.68664319377e-07	6.022354981692041e-07
13451	37142	7.23487221552e-07	6.022354981692041e-07
47963	13451	1.00964802944e-06	6.022354981692041e-07
47963	13451	8.02524364564e-07	2.9509539410291e-05
47963	24810	9.69381864353e-07	6.022354981692041e-07
47963	24810	6.98927793017e-07	6.022354981692041e-07
47963	30314	0.00132464103511	6.022354981692041e-07
47963	30314	1.11161384548e-06	6.022354981692041e-07
47963	17851	1.12188674622e-06	1.2044709963384082e-06
47963	2875	9.96869415843e-07	1.8067064945076123e-06
24810	13451	6.68664319377e-07	6.022354981692041e-07
24810	20642	9.3935724532e-07	0.00011502698015031798
24810	2875	1.07145948123e-06	1.2044709963384082e-06
24810	2875	1.11719947452e-06	6.022354981692041e-07
24810	30314	1.04318167427e-06	1.2044709963384082e-06
24810	30314	6.64486269206e-07	6.022354981692041e-07
24810	47963	9.69381864353e-07	6.022354981692041e-07
24810	47963	6.98927793017e-07	6.022354981692041e-07
24810	17851	7.33014933398e-07	1.8067064945076123e-06
24810	17851	7.43717087185e-07	0.00017043264598188475
24810	55613	1.03391322927e-06	6.022354981692041e-07
35242	42124	1.0678045453e-06	6.022354981692041e-07
35242	41840	7.38751808806e-07	0.00015537675852765465
35242	41840	7.64183058751e-07	6.022354981692041e-07
35242	61778	7.30781580973e-07	6.022354981692041e-07
35242	7051	6.80307289659e-07	0.0002517344382347273
35242	7051	1.07035296863e-06	6.022354981692041e-07
35242	23030	9.67838890511e-07	6.022354981692041e-07
35242	23030	7.96847054367e-07	6.022354981692041e-07
35242	24339	8.54347282754e-07	6.022354981692041e-07
35242	24339	7.85449101231e-07	1.2044709963384082e-06
35242	30314	0.00179461025507	6.022354981692041e-07
35242	37650	8.54943798443e-07	6.022354981692041e-07
35242	37650	1.08598101129e-06	1.2044709963384082e-06
25742	30314	0.00168225844213	6.022354981692041e-07
26307	30314	0.00114314377197	6.022354981692041e-07
8427	30314	0.001664225531	6.022354981692041e-07
152	30314	0.00171365053945	6.022354981692041e-07
131226	19104	1.6973991274e-07	3.0111774908460205e-07
131226	64664	1.79918826591e-07	3.0111774908460205e-07
131226	25131	4.648555555e-08	3.0111774908460205e-07
131226	3150	2.37420981258e-08	6.022354981692041e-07
49519	30314	0.00113148581241	6.022354981692041e-07
58907	30314	0.00183647457605	6.022354981692041e-07
54436	30314	0.0017177157848	6.022354981692041e-07
7333	30314	0.00182648002898	6.022354981692041e-07
40108	30314	0.00136357814169	6.022354981692041e-07
41138	30314	0.00162749285643	6.022354981692041e-07
3251	30314	0.00170809730401	6.022354981692041e-07
6345	30314	0.00113573988824	6.022354981692041e-07
16573	30314	0.0015044460669	6.022354981692041e-07
38081	30314	0.00138536677121	6.022354981692041e-07
20686	30314	0.00166659112185	6.022354981692041e-07
56528	30314	0.00171153065352	6.022354981692041e-07
19666	30314	0.00153782155456	6.022354981692041e-07
28990	30314	0.00145649363864	6.022354981692041e-07
14555	30314	0.00157535758182	6.022354981692041e-07
175332	64664	1.48951392856e-07	3.0111774908460205e-07
175332	25131	1.69042635463e-07	3.0111774908460205e-07
175332	30314	6.85993811568e-08	3.0111774908460205e-07
175332	2875	2.65062406678e-08	3.0111774908460205e-07
175332	55613	6.13387827716e-08	6.022354981692041e-07
175332	12149	3.65038509591e-08	3.0111774908460205e-07
48357	30314	0.00134349840391	6.022354981692041e-07
11496	30314	0.00155887875887	6.022354981692041e-07
3307	30314	0.00143254180802	6.022354981692041e-07
42630	30314	0.00184266898297	6.022354981692041e-07
157935	64664	9.07283285655e-08	3.0111774908460205e-07
157935	25131	1.42116565571e-07	3.0111774908460205e-07
157935	24339	1.09576585188e-07	6.022354981692041e-07
157935	55613	8.36094848932e-08	3.0111774908460205e-07
30420	30314	0.00153979621199	6.022354981692041e-07
6020	30314	0.00165045427891	6.022354981692041e-07
285	30314	0.00157948485575	6.022354981692041e-07
63737	30314	0.00178026594245	6.022354981692041e-07
4396	30314	0.00170698197186	6.022354981692041e-07
28976	30314	0.00154734769231	6.022354981692041e-07
32055	30314	0.00179085829873	6.022354981692041e-07
11024	30314	0.00128813630279	6.022354981692041e-07
24459	30314	0.00171283147618	6.022354981692041e-07
65445	30314	0.001405485459	6.022354981692041e-07
42332	30314	0.00155677627544	6.022354981692041e-07
28005	30314	0.00161227988101	6.022354981692041e-07
29585	30314	0.0013485687181	6.022354981692041e-07
4456	30314	0.001210028145	6.022354981692041e-07
48491	30314	0.00145926969898	6.022354981692041e-07
51565	30314	0.00182496703593	6.022354981692041e-07
59956	30314	0.00115493540612	6.022354981692041e-07
25832	30314	0.00123204033875	6.022354981692041e-07
20854	30314	0.00125343641915	6.022354981692041e-07
38263	30314	0.00146600188575	6.022354981692041e-07
40312	30314	0.0011830840983	6.022354981692041e-07
8570	30314	0.00173813903419	6.022354981692041e-07
53632	30314	0.00137377680236	6.022354981692041e-07
42731	30314	0.00178525371144	6.022354981692041e-07
37262	30314	0.00114046217465	6.022354981692041e-07
10525	30314	0.00158963382838	6.022354981692041e-07
35222	30314	0.00143022371161	6.022354981692041e-07
35224	30314	0.00121146208503	6.022354981692041e-07
28228	30314	0.0018549759115	6.022354981692041e-07
58607	30314	0.00159753954335	6.022354981692041e-07
26693	30314	0.00171203066853	6.022354981692041e-07
26693	30314	0.00155940487108	6.022354981692041e-07
63904	30314	0.00149320899328	6.022354981692041e-07
22947	30314	0.00169496875452	6.022354981692041e-07
17829	30314	0.00144266689849	6.022354981692041e-07
17829	30314	0.00149499729768	6.022354981692041e-07
62887	30314	0.00133743338481	6.022354981692041e-07
35241	30314	0.00143802002112	6.022354981692041e-07
43250	30314	0.00122194169516	6.022354981692041e-07
55727	30314	0.00146911785017	6.022354981692041e-07
22964	30314	0.00185638863776	6.022354981692041e-07
10677	30314	0.00177482377629	6.022354981692041e-07
10484	30314	0.00180930562809	6.022354981692041e-07
53493	30314	0.00158132120794	6.022354981692041e-07
20929	30314	0.00153860829501	6.022354981692041e-07
34891	30314	0.00122943292296	6.022354981692041e-07
34891	30314	0.00166595629504	6.022354981692041e-07
63941	30314	0.00130049265914	6.022354981692041e-07
16840	30314	0.00130956617967	6.022354981692041e-07
10698	30314	0.00188023828604	6.022354981692041e-07
52471	30314	0.00120863666503	6.022354981692041e-07
9695	37142	1.10860352539e-06	5.8416843322412795e-05
9695	37142	5.93821575161e-07	7.40749662748121e-05
9695	17568	7.8124475943e-07	1.8067064945076123e-06
9695	2875	7.51227773895e-07	1.2044709963384082e-06
9695	24339	7.32840333605e-07	2.4089419926768164e-06
9695	24339	1.13484125132e-06	6.022354981692041e-07
9695	63638	8.0643274144e-07	1.2044709963384082e-06
9695	2378	9.33651561327e-07	1.2044709963384082e-06
9695	7051	1.16292741087e-06	2.4089419926768164e-06
9695	7051	6.86565026638e-07	6.022354981692041e-07
9695	30314	0.00182336951059	6.022354981692041e-07
9695	30314	0.00146011707113	6.022354981692041e-07
9695	12149	9.16870011601e-07	6.022354981692041e-07
9695	12149	1.03296116209e-06	1.8067064945076123e-06
9695	25131	1.12871779214e-06	1.2044709963384082e-06
1492	30314	0.00153271366041	6.022354981692041e-07
58207	30314	0.00129926714633	6.022354981692041e-07
38359	30314	0.00180892657109	6.022354981692041e-07
11736	30314	0.0014867702227	6.022354981692041e-07
14098	30314	0.00153271030789	6.022354981692041e-07
17568	9695	7.8124475943e-07	1.8067064945076123e-06
17568	55613	7.8879841943e-07	1.2044709963384082e-06
17568	55613	6.04839771734e-07	6.022354981692041e-07
17568	12149	9.46278652587e-07	6.022354981692041e-07
17568	12149	1.00633061264e-06	6.022354981692041e-07
17568	63638	1.00088798971e-06	0.00022704278280978994
17568	30314	0.00188242753512	6.022354981692041e-07
17568	2875	9.86559133944e-07	6.022354981692041e-07
17568	1839	7.03515937332e-07	1.2044709963384082e-06
2378	9695	9.33651561327e-07	1.2044709963384082e-06
2378	25131	7.87911130852e-07	6.203025631142802e-05
2378	25131	6.74483645098e-07	6.022354981692041e-07
2378	30314	0.00138588660391	6.022354981692041e-07
2378	30314	0.00186170774388	6.022354981692041e-07
2378	7051	5.86186653599e-07	6.022354981692041e-07
2378	7051	9.99380741366e-07	6.022354981692041e-07
12149	9695	9.16870011601e-07	6.022354981692041e-07
12149	9695	1.03296116209e-06	1.8067064945076123e-06
12149	30314	8.76825369646e-07	6.022354981692041e-07
12149	30314	6.26355909465e-07	6.022354981692041e-07
12149	1839	7.71726890863e-07	6.022354981692041e-07
12149	1839	9.35975663053e-07	6.022354981692041e-07
12149	2875	1.07321322941e-06	6.022354981692041e-07
12149	2875	6.65866136382e-07	0.00023487184428598959
12149	17568	9.46278652587e-07	6.022354981692041e-07
12149	17568	1.00633061264e-06	6.022354981692041e-07
12149	175332	3.65038509591e-08	3.0111774908460205e-07
12149	183846	1.66921846271e-07	6.022354981692041e-07
12149	176775	3.87327354206e-08	3.0111774908460205e-07
12149	174188	4.13854277859e-08	3.0111774908460205e-07
12149	170124	5.91301020927e-08	3.0111774908460205e-07
12149	63638	8.98071826127e-07	6.022354981692041e-07
12149	63638	7.65484200479e-07	1.2044709963384082e-06
30971	30314	0.00177722863104	6.022354981692041e-07
45541	30314	0.00153389608615	6.022354981692041e-07
61926	30314	0.00159706929021	6.022354981692041e-07
8273	30314	0.00181171854961	6.022354981692041e-07
50669	30314	0.00159967882885	6.022354981692041e-07
42478	30314	0.0016269123907	6.022354981692041e-07
42478	30314	0.0014306129431	6.022354981692041e-07
36336	30314	0.00184355095269	6.022354981692041e-07
497	30314	0.00142788306659	6.022354981692041e-07
3571	30314	0.00165373472937	6.022354981692041e-07
15861	30314	0.00166904594769	6.022354981692041e-07
30633	30314	0.0016979506712	6.022354981692041e-07
36344	30314	0.00167088721703	6.022354981692041e-07
39426	30314	0.0013783983966	6.022354981692041e-07
41477	30314	0.00179633088898	6.022354981692041e-07
48436	30314	0.00115861546886	6.022354981692041e-07
48651	30314	0.00154094347619	6.022354981692041e-07
56846	30314	0.00181059529829	6.022354981692041e-07
5647	30314	0.00143368746534	6.022354981692041e-07
22035	30314	0.00118735057288	6.022354981692041e-07
3604	30314	0.00180229090229	6.022354981692041e-07
43543	30314	0.00176182773874	6.022354981692041e-07
18971	30314	0.00167274691773	6.022354981692041e-07
61983	30314	0.00145034250433	6.022354981692041e-07
33312	30314	0.00124601470194	6.022354981692041e-07
53851	30314	0.00150266976235	6.022354981692041e-07
20004	30314	0.00134148708149	6.022354981692041e-07
183846	64664	2.35375177059e-08	6.022354981692041e-07
183846	25131	5.35509025495e-08	3.0111774908460205e-07
183846	24339	2.50877586107e-08	6.022354981692041e-07
183846	12149	1.66921846271e-07	6.022354981692041e-07
3624	30314	0.00140637075996	6.022354981692041e-07
48684	30314	0.00129906526434	6.022354981692041e-07
29230	30314	0.00176440891401	6.022354981692041e-07
62045	30314	0.00151447513398	6.022354981692041e-07
63025	30314	0.00118436143693	6.022354981692041e-07
56882	30314	0.0012080164823	6.022354981692041e-07
27706	30314	0.00137275784965	6.022354981692041e-07
12852	30314	0.00164621241063	6.022354981692041e-07
22070	30314	0.00119170121375	6.022354981692041e-07
18185	30314	0.00127154014481	6.022354981692041e-07
21048	30314	0.00161686280363	6.022354981692041e-07
38458	30314	0.00155231333337	6.022354981692041e-07
167485	64664	1.96404012218e-08	3.0111774908460205e-07
167485	25131	1.23273942374e-07	3.0111774908460205e-07
167485	3150	5.08058393274e-08	3.0111774908460205e-07
167485	30314	1.91597937914e-07	3.0111774908460205e-07
167485	2875	9.97069301578e-08	3.0111774908460205e-07
34366	30314	0.00177700757732	6.022354981692041e-07
39489	30314	0.00148791678416	6.022354981692041e-07
39489	30314	0.00124027940615	6.022354981692041e-07
4674	30314	0.00141384635613	6.022354981692041e-07
580	30314	0.0017017655089	6.022354981692041e-07
15943	30314	0.00146759345027	6.022354981692041e-07
24503	30314	0.00126104874948	6.022354981692041e-07
41058	30314	0.00165755038858	6.022354981692041e-07
28239	30314	0.00178143679012	6.022354981692041e-07
14928	30314	0.00156255246085	6.022354981692041e-07
593	30314	0.00139217375141	6.022354981692041e-07
18006	30314	0.0015214146152	6.022354981692041e-07
11747	30314	0.00171401662113	6.022354981692041e-07
26724	30314	0.00120783257131	6.022354981692041e-07
64090	30314	0.00160157194756	6.022354981692041e-07
63759	30314	0.00176783431168	6.022354981692041e-07
34400	30314	0.00150423927488	6.022354981692041e-07
56929	30314	0.00171864577986	6.022354981692041e-07
29115	30314	0.00145227629633	6.022354981692041e-07
22117	30314	0.00180435898087	6.022354981692041e-07
174088	30314	8.12038434523e-08	3.0111774908460205e-07
174088	64664	1.59740066883e-07	6.022354981692041e-07
174088	25131	1.70934100054e-07	3.0111774908460205e-07
174088	3150	1.0410892715e-07	3.0111774908460205e-07
174088	55613	1.74507499439e-07	3.0111774908460205e-07
28448	30314	0.00133966628297	6.022354981692041e-07
28448	30314	0.00134863295528	6.022354981692041e-07
1839	30314	0.00179880646352	6.022354981692041e-07
1839	30314	0.0014001847557	6.022354981692041e-07
1839	12149	7.71726890863e-07	6.022354981692041e-07
1839	12149	9.35975663053e-07	6.022354981692041e-07
1839	2875	1.03895556914e-06	1.2044709963384082e-06
1839	63638	1.04892536471e-06	1.2044709963384082e-06
1839	17568	7.03515937332e-07	1.2044709963384082e-06
170124	30314	1.6738626192e-07	6.022354981692041e-07
170124	24339	1.53681593134e-07	3.0111774908460205e-07
170124	2875	7.23231560243e-08	3.0111774908460205e-07
170124	64664	1.89067795418e-07	6.022354981692041e-07
170124	59614	1.59834404509e-07	6.022354981692041e-07
170124	55613	2.04748500339e-08	3.0111774908460205e-07
170124	12149	5.91301020927e-08	3.0111774908460205e-07
35831	30314	0.00178544459784	6.022354981692041e-07
35831	30314	0.00171935389743	6.022354981692041e-07
22392	30314	0.00171210901099	6.022354981692041e-07
22392	30314	0.00124914366122	6.022354981692041e-07
18299	30314	0.00177266259981	6.022354981692041e-07
18299	30314	0.00126373265483	6.022354981692041e-07
10002	30314	0.00173596662733	6.022354981692041e-07
34414	30314	0.00177701906004	6.022354981692041e-07
3695	30314	0.00182094228298	6.022354981692041e-07
2677	30314	0.00149514234317	6.022354981692041e-07
4590	30314	0.00179887966834	6.022354981692041e-07
21117	30314	0.00177975111226	6.022354981692041e-07
22144	30314	0.00118370554993	6.022354981692041e-07
21729	30314	0.00114296916664	6.022354981692041e-07
64132	30314	0.00159575307948	6.022354981692041e-07
12566	30314	0.00188372114518	6.022354981692041e-07
65158	30314	0.00152524699409	6.022354981692041e-07
176775	59614	2.23243609924e-08	3.0111774908460205e-07
176775	3150	3.963565766e-08	3.0111774908460205e-07
176775	2875	1.32493688857e-07	6.022354981692041e-07
176775	12149	3.87327354206e-08	3.0111774908460205e-07
59614	176775	2.23243609924e-08	3.0111774908460205e-07
59614	30314	0.00140636602652	6.022354981692041e-07
59614	170124	1.59834404509e-07	6.022354981692041e-07
64620	30314	0.00143843365095	6.022354981692041e-07
34445	30314	0.00178324021119	6.022354981692041e-07
8848	30314	0.00141440177142	6.022354981692041e-07
4035	30314	0.00126054653412	6.022354981692041e-07
47766	30314	0.00174035543622	6.022354981692041e-07
23192	30314	0.00117597571515	6.022354981692041e-07
56987	30314	0.00166530351219	6.022354981692041e-07
17053	30314	0.00150250969497	6.022354981692041e-07
53925	30314	0.00174964100897	6.022354981692041e-07
19112	30314	0.00172756150129	6.022354981692041e-07
39596	30314	0.00168468073152	6.022354981692041e-07
51885	30314	0.00135723704589	6.022354981692041e-07
15645	30314	0.00124739615775	6.022354981692041e-07
19121	30314	0.00160066968222	6.022354981692041e-07
62130	30314	0.00159820605687	6.022354981692041e-07
16052	30314	0.00171591368544	6.022354981692041e-07
3017	30314	0.00147718286829	6.022354981692041e-07
698	30314	0.00170569238671	6.022354981692041e-07
24255	30314	0.00114282151367	6.022354981692041e-07
4803	30314	0.00188034443934	6.022354981692041e-07
49363	30314	0.00114579018986	6.022354981692041e-07
62154	30314	0.00146497556419	6.022354981692041e-07
1745	30314	0.00186842630143	6.022354981692041e-07
9938	30314	0.00168271605841	6.022354981692041e-07
24276	30314	0.00183470093978	6.022354981692041e-07
31055	30314	0.00113919331594	6.022354981692041e-07
41252	30314	0.00145491236602	6.022354981692041e-07
37594	30314	0.00186346119709	6.022354981692041e-07
5852	30314	0.00162863638437	6.022354981692041e-07
55005	30314	0.00141580702004	6.022354981692041e-07
18150	30314	0.00135787577047	6.022354981692041e-07
21799	30314	0.00155317053379	6.022354981692041e-07
45805	30314	0.0017668602557	6.022354981692041e-07
24304	30314	0.00187553171767	6.022354981692041e-07
21233	30314	0.00166786548808	6.022354981692041e-07
47859	30314	0.00114534643701	6.022354981692041e-07
25726	30314	0.00128432082141	6.022354981692041e-07
680	30314	0.00143593754129	6.022354981692041e-07
57642	30314	0.00176773978805	6.022354981692041e-07
26758	30314	0.00155929641182	6.022354981692041e-07
44501	30314	0.00125554027303	6.022354981692041e-07
47193	30314	0.00129960620583	6.022354981692041e-07
1794	30314	0.00126686610774	6.022354981692041e-07
21804	30314	0.00113675833021	6.022354981692041e-07
19212	30314	0.00136119313907	6.022354981692041e-07
33069	30314	0.00153687307864	6.022354981692041e-07
19216	30314	0.00168935977793	6.022354981692041e-07
20247	30314	0.00149381938765	6.022354981692041e-07
35119	30314	0.00113506105447	6.022354981692041e-07
50979	30314	0.00156184557802	6.022354981692041e-07
14117	30314	0.00154170031326	6.022354981692041e-07
46890	30314	0.00145183996763	6.022354981692041e-07
62172	30314	0.00178068142859	6.022354981692041e-07
10052	30314	0.00146699917586	6.022354981692041e-07
41268	30314	0.00159884880858	6.022354981692041e-07
31556	30314	0.00142175504861	6.022354981692041e-07
44876	30314	0.00162478196413	6.022354981692041e-07
846	30314	0.00168008396411	6.022354981692041e-07
48976	30314	0.00113996066761	6.022354981692041e-07
55122	30314	0.00164415240575	6.022354981692041e-07
12115	30314	0.00144042300387	6.022354981692041e-07
47957	30314	0.00165546275878	6.022354981692041e-07
47958	30314	0.00150941778449	6.022354981692041e-07
45911	30314	0.00182737035883	6.022354981692041e-07
64346	30314	0.00145960546853	6.022354981692041e-07
26460	30314	0.0012884518282	6.022354981692041e-07
23390	30314	0.00187029632512	6.022354981692041e-07
45919	30314	0.00125625084617	6.022354981692041e-07
53088	30314	0.00136575453413	6.022354981692041e-07
35013	30314	0.00167966968326	6.022354981692041e-07
57735	30314	0.00119173931814	6.022354981692041e-07
21357	30314	0.00116905442083	6.022354981692041e-07
9074	30314	0.00183283359836	6.022354981692041e-07
35988	30314	0.0012419587652	6.022354981692041e-07
2367	30314	0.00118627832399	6.022354981692041e-07
4988	30314	0.00158887354626	6.022354981692041e-07
22398	30314	0.00148373801626	6.022354981692041e-07
59265	30314	0.00129545689797	6.022354981692041e-07
53578	30314	0.00161616936814	6.022354981692041e-07
20801	30314	0.00131751090492	6.022354981692041e-07
1929	30314	0.00143284648156	6.022354981692041e-07
40843	30314	0.00144245136953	6.022354981692041e-07
20373	30314	0.00186108050365	6.022354981692041e-07
34711	30314	0.00186749403712	6.022354981692041e-07
36164	30314	0.00130507124018	6.022354981692041e-07
26524	30314	0.00164686104619	6.022354981692041e-07
6045	30314	0.00154744075351	6.022354981692041e-07
53396	30314	0.00133495687489	6.022354981692041e-07
49057	30314	0.00177377120448	6.022354981692041e-07
32411	30314	0.00130274599133	6.022354981692041e-07
34724	30314	0.00169665629746	6.022354981692041e-07
61349	30314	0.00151423973336	6.022354981692041e-07
19369	30314	0.00161374416251	6.022354981692041e-07
40874	30314	0.00126420356347	6.022354981692041e-07
33060	30314	0.00175685228028	6.022354981692041e-07
56306	30314	0.00122451452248	6.022354981692041e-07
49473	30314	0.00124468441159	6.022354981692041e-07
47325	30314	0.00155302806384	6.022354981692041e-07
25587	30314	0.00129940451916	6.022354981692041e-07
57502	30314	0.00119707803801	6.022354981692041e-07
47433	30314	0.00163500240416	6.022354981692041e-07
10169	30314	0.00168544669283	6.022354981692041e-07
64442	30314	0.00159149524716	6.022354981692041e-07
18370	30314	0.00149364897999	6.022354981692041e-07
38851	30314	0.00156665705751	6.022354981692041e-07
27589	30314	0.00117935389696	6.022354981692041e-07
22473	30314	0.00142151132841	6.022354981692041e-07
24037	30314	0.00161451719592	6.022354981692041e-07
25548	30314	0.00142761607238	6.022354981692041e-07
45389	30314	0.00116451102022	6.022354981692041e-07
16336	30314	0.00121690160495	6.022354981692041e-07
19619	30314	0.00141975785285	6.022354981692041e-07
53204	30314	0.00113988455424	6.022354981692041e-07
47950	30314	0.00125125450174	6.022354981692041e-07
48247	30314	0.00115217747986	6.022354981692041e-07
50140	30314	0.00162390490356	6.022354981692041e-07
30373	30314	0.00149095606297	6.022354981692041e-07
22864	30314	0.0012002905315	6.022354981692041e-07
32738	30314	0.00180964320116	6.022354981692041e-07
25845	30314	0.00165210980581	6.022354981692041e-07
41956	30314	0.00116253727542	6.022354981692041e-07
40273	30314	0.00148610254901	6.022354981692041e-07
41292	30314	0.00166477572442	6.022354981692041e-07
32979	30314	0.00119648434019	6.022354981692041e-07
